-0.012456,0.431165,1.000000,-0.049223,-0.035805,0.000000
-0.013437,0.430445,1.000000,-0.049048,-0.036008,0.000000
-0.014415,0.429721,1.000000,-0.048863,-0.036198,0.000000
-0.015388,0.428993,1.000000,-0.048670,-0.036373,0.000000
-0.016357,0.428263,1.000000,-0.048468,-0.036535,0.000000
-0.017323,0.427529,1.000000,-0.048258,-0.036684,0.000000
-0.018283,0.426793,1.000000,-0.048040,-0.036819,0.000000
-0.019240,0.426054,1.000000,-0.047815,-0.036942,0.000000
-0.020191,0.425313,1.000000,-0.047583,-0.037053,0.000000
-0.021138,0.424570,1.000000,-0.047344,-0.037152,0.000000
-0.022080,0.423825,1.000000,-0.047099,-0.037239,0.000000
-0.023017,0.423079,1.000000,-0.046847,-0.037314,0.000000
-0.023949,0.422331,1.000000,-0.046591,-0.037379,0.000000
-0.024875,0.421582,1.000000,-0.046329,-0.037432,0.000000
-0.025797,0.420833,1.000000,-0.046062,-0.037475,0.000000
-0.026713,0.420083,1.000000,-0.045791,-0.037508,0.000000
-0.027623,0.419332,1.000000,-0.045515,-0.037532,0.000000
-0.028528,0.418581,1.000000,-0.045236,-0.037545,0.000000
-0.029427,0.417830,1.000000,-0.044954,-0.037550,0.000000
-0.030320,0.417079,1.000000,-0.044668,-0.037546,0.000000
-0.031208,0.416329,1.000000,-0.044380,-0.037534,0.000000
-0.032089,0.415578,1.000000,-0.044089,-0.037513,0.000000
-0.032965,0.414829,1.000000,-0.043796,-0.037485,0.000000
-0.033835,0.414080,1.000000,-0.043502,-0.037450,0.000000
-0.034699,0.413331,1.000000,-0.043206,-0.037407,0.000000
-0.035558,0.412584,1.000000,-0.042908,-0.037358,0.000000
-0.036410,0.411838,1.000000,-0.042610,-0.037302,0.000000
-0.037256,0.411093,1.000000,-0.042312,-0.037240,0.000000
-0.038096,0.410350,1.000000,-0.042012,-0.037173,0.000000
-0.038931,0.409608,1.000000,-0.041713,-0.037100,0.000000
-0.039759,0.408868,1.000000,-0.041414,-0.037022,0.000000
-0.040581,0.408129,1.000000,-0.041116,-0.036939,0.000000
-0.041397,0.407392,1.000000,-0.040818,-0.036852,0.000000
-0.042208,0.406657,1.000000,-0.040521,-0.036760,0.000000
-0.043012,0.405923,1.000000,-0.040225,-0.036665,0.000000
-0.043811,0.405192,1.000000,-0.039930,-0.036566,0.000000
-0.044604,0.404463,1.000000,-0.039637,-0.036464,0.000000
-0.045391,0.403735,1.000000,-0.039346,-0.036358,0.000000
-0.046172,0.403010,1.000000,-0.039056,-0.036250,0.000000
-0.046947,0.402288,1.000000,-0.038769,-0.036139,0.000000
-0.047717,0.401567,1.000000,-0.038484,-0.036026,0.000000
-0.048481,0.400849,1.000000,-0.038201,-0.035911,0.000000
-0.049239,0.400133,1.000000,-0.037920,-0.035793,0.000000
-0.049992,0.399420,1.000000,-0.037643,-0.035675,0.000000
-0.050739,0.398709,1.000000,-0.037368,-0.035555,0.000000
-0.051481,0.398000,1.000000,-0.037096,-0.035433,0.000000
-0.052218,0.397294,1.000000,-0.036827,-0.035311,0.000000
-0.052949,0.396590,1.000000,-0.036561,-0.035188,0.000000
-0.053675,0.395889,1.000000,-0.036298,-0.035064,0.000000
-0.054396,0.395190,1.000000,-0.036039,-0.034940,0.000000
-0.055112,0.394493,1.000000,-0.035783,-0.034816,0.000000
-0.055822,0.393800,1.000000,-0.035530,-0.034691,0.000000
-0.056528,0.393108,1.000000,-0.035281,-0.034566,0.000000
-0.057229,0.392419,1.000000,-0.035035,-0.034442,0.000000
-0.057924,0.391733,1.000000,-0.034793,-0.034318,0.000000
-0.058615,0.391049,1.000000,-0.034555,-0.034195,0.000000
-0.059302,0.390368,1.000000,-0.034320,-0.034072,0.000000
-0.059984,0.389689,1.000000,-0.034089,-0.033949,0.000000
-0.060661,0.389012,1.000000,-0.033862,-0.033828,0.000000
-0.061334,0.388338,1.000000,-0.033638,-0.033707,0.000000
-0.062002,0.387666,1.000000,-0.033418,-0.033588,0.000000
-0.062666,0.386997,1.000000,-0.033201,-0.033469,0.000000
-0.063326,0.386330,1.000000,-0.032989,-0.033352,0.000000
-0.063981,0.385665,1.000000,-0.032780,-0.033235,0.000000
-0.064633,0.385003,1.000000,-0.032574,-0.033120,0.000000
-0.065280,0.384343,1.000000,-0.032373,-0.033007,0.000000
-0.065924,0.383685,1.000000,-0.032175,-0.032894,0.000000
-0.066563,0.383029,1.000000,-0.031980,-0.032784,0.000000
-0.067199,0.382376,1.000000,-0.031789,-0.032674,0.000000
-0.067831,0.381724,1.000000,-0.031601,-0.032566,0.000000
-0.068460,0.381075,1.000000,-0.031417,-0.032460,0.000000
-0.069084,0.380428,1.000000,-0.031237,-0.032355,0.000000
-0.069706,0.379783,1.000000,-0.031059,-0.032252,0.000000
-0.070323,0.379140,1.000000,-0.030885,-0.032150,0.000000
-0.070938,0.378499,1.000000,-0.030715,-0.032050,0.000000
-0.071548,0.377860,1.000000,-0.030547,-0.031952,0.000000
-0.072156,0.377223,1.000000,-0.030382,-0.031855,0.000000
-0.072761,0.376588,1.000000,-0.030221,-0.031759,0.000000
-0.073362,0.375954,1.000000,-0.030063,-0.031666,0.000000
-0.073960,0.375323,1.000000,-0.029907,-0.031573,0.000000
-0.074555,0.374693,1.000000,-0.029754,-0.031483,0.000000
-0.075147,0.374065,1.000000,-0.029604,-0.031393,0.000000
-0.075736,0.373439,1.000000,-0.029457,-0.031306,0.000000
-0.076322,0.372815,1.000000,-0.029312,-0.031219,0.000000
-0.076906,0.372192,1.000000,-0.029170,-0.031134,0.000000
-0.077486,0.371571,1.000000,-0.029030,-0.031051,0.000000
-0.078064,0.370952,1.000000,-0.028893,-0.030969,0.000000
-0.078639,0.370334,1.000000,-0.028758,-0.030888,0.000000
-0.079212,0.369718,1.000000,-0.028625,-0.030808,0.000000
-0.079782,0.369103,1.000000,-0.028494,-0.030730,0.000000
-0.080349,0.368490,1.000000,-0.028366,-0.030653,0.000000
-0.080914,0.367879,1.000000,-0.028239,-0.030577,0.000000
-0.081476,0.367269,1.000000,-0.028114,-0.030502,0.000000
-0.082036,0.366660,1.000000,-0.027991,-0.030428,0.000000
-0.082593,0.366053,1.000000,-0.027870,-0.030356,0.000000
-0.083148,0.365447,1.000000,-0.027751,-0.030284,0.000000
-0.083701,0.364843,1.000000,-0.027633,-0.030213,0.000000
-0.084251,0.364240,1.000000,-0.027516,-0.030143,0.000000
-0.084799,0.363639,1.000000,-0.027401,-0.030073,0.000000
-0.085345,0.363039,1.000000,-0.027288,-0.030005,0.000000
-0.085889,0.362440,1.000000,-0.027175,-0.029937,0.000000
-0.086430,0.361842,1.000000,-0.027064,-0.029869,0.000000
-0.086969,0.361246,1.000000,-0.026954,-0.029803,0.000000
-0.087506,0.360652,1.000000,-0.026845,-0.029737,0.000000
-0.088041,0.360058,1.000000,-0.026738,-0.029671,0.000000
-0.088573,0.359466,1.000000,-0.026631,-0.029606,0.000000
-0.089104,0.358875,1.000000,-0.026525,-0.029541,0.000000
-0.089632,0.358286,1.000000,-0.026419,-0.029477,0.000000
-0.090159,0.357698,1.000000,-0.026315,-0.029412,0.000000
-0.090683,0.357111,1.000000,-0.026211,-0.029348,0.000000
-0.091205,0.356525,1.000000,-0.026108,-0.029285,0.000000
-0.091725,0.355940,1.000000,-0.026006,-0.029221,0.000000
-0.092243,0.355357,1.000000,-0.025904,-0.029157,0.000000
-0.092759,0.354775,1.000000,-0.025802,-0.029094,0.000000
-0.093273,0.354195,1.000000,-0.025701,-0.029030,0.000000
-0.093785,0.353615,1.000000,-0.025601,-0.028967,0.000000
-0.094295,0.353037,1.000000,-0.025500,-0.028903,0.000000
-0.094803,0.352461,1.000000,-0.025400,-0.028840,0.000000
-0.095309,0.351885,1.000000,-0.025301,-0.028776,0.000000
-0.095813,0.351311,1.000000,-0.025201,-0.028712,0.000000
-0.096315,0.350738,1.000000,-0.025102,-0.028647,0.000000
-0.096815,0.350166,1.000000,-0.025003,-0.028583,0.000000
-0.097313,0.349596,1.000000,-0.024904,-0.028518,0.000000
-0.097810,0.349027,1.000000,-0.024805,-0.028453,0.000000
-0.098304,0.348459,1.000000,-0.024706,-0.028387,0.000000
-0.098796,0.347893,1.000000,-0.024607,-0.028321,0.000000
-0.099286,0.347328,1.000000,-0.024508,-0.028255,0.000000
-0.099774,0.346764,1.000000,-0.024409,-0.028188,0.000000
-0.100260,0.346201,1.000000,-0.024310,-0.028121,0.000000
-0.100745,0.345640,1.000000,-0.024211,-0.028053,0.000000
-0.101227,0.345081,1.000000,-0.024112,-0.027985,0.000000
-0.101707,0.344522,1.000000,-0.024012,-0.027916,0.000000
-0.102185,0.343965,1.000000,-0.023913,-0.027847,0.000000
-0.102662,0.343410,1.000000,-0.023813,-0.027777,0.000000
-0.103136,0.342856,1.000000,-0.023714,-0.027706,0.000000
-0.103608,0.342303,1.000000,-0.023614,-0.027635,0.000000
-0.104078,0.341752,1.000000,-0.023514,-0.027563,0.000000
-0.104547,0.341202,1.000000,-0.023414,-0.027491,0.000000
-0.105013,0.340654,1.000000,-0.023313,-0.027418,0.000000
-0.105477,0.340107,1.000000,-0.023213,-0.027345,0.000000
-0.105939,0.339561,1.000000,-0.023112,-0.027271,0.000000
-0.106400,0.339017,1.000000,-0.023011,-0.027196,0.000000
-0.106858,0.338475,1.000000,-0.022910,-0.027120,0.000000
-0.107314,0.337934,1.000000,-0.022809,-0.027044,0.000000
-0.107768,0.337395,1.000000,-0.022707,-0.026967,0.000000
-0.108220,0.336857,1.000000,-0.022606,-0.026890,0.000000
-0.108670,0.336321,1.000000,-0.022504,-0.026812,0.000000
-0.109118,0.335786,1.000000,-0.022402,-0.026733,0.000000
-0.109564,0.335253,1.000000,-0.022299,-0.026654,0.000000
-0.110008,0.334721,1.000000,-0.022197,-0.026574,0.000000
-0.110450,0.334192,1.000000,-0.022094,-0.026493,0.000000
-0.110890,0.333663,1.000000,-0.021992,-0.026412,0.000000
-0.111328,0.333137,1.000000,-0.021889,-0.026330,0.000000
-0.111763,0.332612,1.000000,-0.021786,-0.026248,0.000000
-0.112197,0.332089,1.000000,-0.021683,-0.026164,0.000000
-0.112629,0.331567,1.000000,-0.021579,-0.026081,0.000000
-0.113058,0.331047,1.000000,-0.021476,-0.025997,0.000000
-0.113486,0.330529,1.000000,-0.021373,-0.025912,0.000000
-0.113911,0.330012,1.000000,-0.021269,-0.025826,0.000000
-0.114334,0.329497,1.000000,-0.021166,-0.025740,0.000000
-0.114756,0.328984,1.000000,-0.021062,-0.025654,0.000000
-0.115175,0.328473,1.000000,-0.020959,-0.025567,0.000000
-0.115592,0.327963,1.000000,-0.020855,-0.025479,0.000000
-0.116007,0.327456,1.000000,-0.020751,-0.025391,0.000000
-0.116420,0.326950,1.000000,-0.020648,-0.025303,0.000000
-0.116831,0.326445,1.000000,-0.020544,-0.025214,0.000000
-0.117240,0.325943,1.000000,-0.020441,-0.025125,0.000000
-0.117646,0.325442,1.000000,-0.020337,-0.025035,0.000000
-0.118051,0.324943,1.000000,-0.020234,-0.024945,0.000000
-0.118454,0.324446,1.000000,-0.020131,-0.024854,0.000000
-0.118854,0.323951,1.000000,-0.020027,-0.024763,0.000000
-0.119253,0.323457,1.000000,-0.019924,-0.024672,0.000000
-0.119649,0.322966,1.000000,-0.019821,-0.024580,0.000000
-0.120043,0.322476,1.000000,-0.019719,-0.024488,0.000000
-0.120436,0.321988,1.000000,-0.019616,-0.024396,0.000000
-0.120826,0.321502,1.000000,-0.019514,-0.024303,0.000000
-0.121214,0.321018,1.000000,-0.019412,-0.024210,0.000000
-0.121600,0.320535,1.000000,-0.019310,-0.024117,0.000000
-0.121985,0.320055,1.000000,-0.019208,-0.024024,0.000000
-0.122367,0.319576,1.000000,-0.019107,-0.023931,0.000000
-0.122747,0.319100,1.000000,-0.019006,-0.023837,0.000000
-0.123125,0.318625,1.000000,-0.018905,-0.023743,0.000000
-0.123501,0.318152,1.000000,-0.018804,-0.023649,0.000000
-0.123875,0.317681,1.000000,-0.018704,-0.023555,0.000000
-0.124247,0.317212,1.000000,-0.018604,-0.023460,0.000000
-0.124617,0.316744,1.000000,-0.018504,-0.023366,0.000000
-0.124985,0.316279,1.000000,-0.018405,-0.023271,0.000000
-0.125352,0.315815,1.000000,-0.018306,-0.023177,0.000000
-0.125716,0.315354,1.000000,-0.018208,-0.023082,0.000000
-0.126078,0.314894,1.000000,-0.018110,-0.022987,0.000000
-0.126438,0.314436,1.000000,-0.018012,-0.022892,0.000000
-0.126796,0.313980,1.000000,-0.017915,-0.022798,0.000000
-0.127153,0.313526,1.000000,-0.017818,-0.022703,0.000000
-0.127507,0.313074,1.000000,-0.017721,-0.022608,0.000000
-0.127860,0.312624,1.000000,-0.017625,-0.022513,0.000000
-0.128210,0.312175,1.000000,-0.017530,-0.022419,0.000000
-0.128559,0.311729,1.000000,-0.017435,-0.022324,0.000000
-0.128906,0.311284,1.000000,-0.017340,-0.022229,0.000000
-0.129251,0.310841,1.000000,-0.017246,-0.022135,0.000000
-0.129594,0.310401,1.000000,-0.017152,-0.022041,0.000000
-0.129935,0.309962,1.000000,-0.017059,-0.021946,0.000000
-0.130274,0.309525,1.000000,-0.016967,-0.021852,0.000000
-0.130612,0.309090,1.000000,-0.016874,-0.021758,0.000000
-0.130947,0.308656,1.000000,-0.016783,-0.021664,0.000000
-0.131281,0.308225,1.000000,-0.016692,-0.021570,0.000000
-0.131613,0.307795,1.000000,-0.016601,-0.021477,0.000000
-0.131944,0.307368,1.000000,-0.016511,-0.021383,0.000000
-0.132272,0.306942,1.000000,-0.016422,-0.021290,0.000000
-0.132599,0.306518,1.000000,-0.016333,-0.021197,0.000000
-0.132923,0.306096,1.000000,-0.016244,-0.021104,0.000000
-0.133247,0.305676,1.000000,-0.016156,-0.021012,0.000000
-0.133568,0.305257,1.000000,-0.016069,-0.020919,0.000000
-0.133888,0.304841,1.000000,-0.015982,-0.020827,0.000000
-0.134206,0.304426,1.000000,-0.015896,-0.020735,0.000000
-0.134522,0.304013,1.000000,-0.015810,-0.020643,0.000000
-0.134836,0.303602,1.000000,-0.015725,-0.020552,0.000000
-0.135149,0.303193,1.000000,-0.015641,-0.020461,0.000000
-0.135460,0.302785,1.000000,-0.015557,-0.020370,0.000000
-0.135770,0.302380,1.000000,-0.015473,-0.020279,0.000000
-0.136077,0.301976,1.000000,-0.015390,-0.020188,0.000000
-0.136384,0.301574,1.000000,-0.015308,-0.020098,0.000000
-0.136688,0.301174,1.000000,-0.015226,-0.020008,0.000000
-0.136991,0.300776,1.000000,-0.015145,-0.019919,0.000000
-0.137292,0.300379,1.000000,-0.015064,-0.019829,0.000000
-0.137592,0.299984,1.000000,-0.014984,-0.019740,0.000000
-0.137890,0.299591,1.000000,-0.014904,-0.019651,0.000000
-0.138187,0.299200,1.000000,-0.014825,-0.019563,0.000000
-0.138482,0.298810,1.000000,-0.014747,-0.019475,0.000000
-0.138775,0.298423,1.000000,-0.014669,-0.019387,0.000000
-0.139067,0.298037,1.000000,-0.014591,-0.019299,0.000000
-0.139357,0.297652,1.000000,-0.014514,-0.019212,0.000000
-0.139646,0.297270,1.000000,-0.014438,-0.019125,0.000000
-0.139933,0.296889,1.000000,-0.014362,-0.019038,0.000000
-0.140219,0.296510,1.000000,-0.014287,-0.018951,0.000000
-0.140503,0.296133,1.000000,-0.014212,-0.018865,0.000000
-0.140786,0.295757,1.000000,-0.014138,-0.018779,0.000000
-0.141067,0.295383,1.000000,-0.014064,-0.018694,0.000000
-0.141347,0.295011,1.000000,-0.013991,-0.018609,0.000000
-0.141625,0.294641,1.000000,-0.013918,-0.018524,0.000000
-0.141902,0.294272,1.000000,-0.013845,-0.018439,0.000000
-0.142178,0.293905,1.000000,-0.013774,-0.018354,0.000000
-0.142452,0.293540,1.000000,-0.013702,-0.018270,0.000000
-0.142724,0.293176,1.000000,-0.013632,-0.018187,0.000000
-0.142995,0.292814,1.000000,-0.013561,-0.018103,0.000000
-0.143265,0.292453,1.000000,-0.013491,-0.018020,0.000000
-0.143534,0.292095,1.000000,-0.013422,-0.017937,0.000000
-0.143801,0.291737,1.000000,-0.013353,-0.017854,0.000000
-0.144066,0.291382,1.000000,-0.013284,-0.017772,0.000000
-0.144331,0.291028,1.000000,-0.013216,-0.017690,0.000000
-0.144594,0.290676,1.000000,-0.013149,-0.017608,0.000000
-0.144855,0.290326,1.000000,-0.013082,-0.017527,0.000000
-0.145116,0.289977,1.000000,-0.013015,-0.017446,0.000000
-0.145375,0.289629,1.000000,-0.012949,-0.017365,0.000000
-0.145632,0.289284,1.000000,-0.012883,-0.017284,0.000000
-0.145889,0.288940,1.000000,-0.012817,-0.017204,0.000000
-0.146144,0.288597,1.000000,-0.012752,-0.017124,0.000000
-0.146397,0.288256,1.000000,-0.012688,-0.017044,0.000000
-0.146650,0.287917,1.000000,-0.012624,-0.016965,0.000000
-0.146901,0.287579,1.000000,-0.012560,-0.016885,0.000000
-0.147151,0.287243,1.000000,-0.012496,-0.016806,0.000000
-0.147400,0.286909,1.000000,-0.012433,-0.016728,0.000000
-0.147647,0.286576,1.000000,-0.012371,-0.016649,0.000000
-0.147893,0.286244,1.000000,-0.012308,-0.016571,0.000000
-0.148138,0.285914,1.000000,-0.012247,-0.016493,0.000000
-0.148382,0.285586,1.000000,-0.012185,-0.016416,0.000000
-0.148624,0.285259,1.000000,-0.012124,-0.016338,0.000000
-0.148866,0.284934,1.000000,-0.012063,-0.016261,0.000000
-0.149106,0.284610,1.000000,-0.012003,-0.016184,0.000000
-0.149345,0.284288,1.000000,-0.011943,-0.016108,0.000000
-0.149582,0.283967,1.000000,-0.011883,-0.016031,0.000000
-0.149819,0.283648,1.000000,-0.011824,-0.015955,0.000000
-0.150054,0.283331,1.000000,-0.011765,-0.015879,0.000000
-0.150288,0.283015,1.000000,-0.011706,-0.015804,0.000000
-0.150521,0.282700,1.000000,-0.011648,-0.015728,0.000000
-0.150753,0.282387,1.000000,-0.011589,-0.015653,0.000000
-0.150984,0.282076,1.000000,-0.011532,-0.015578,0.000000
-0.151213,0.281765,1.000000,-0.011474,-0.015504,0.000000
-0.151441,0.281457,1.000000,-0.011417,-0.015429,0.000000
-0.151669,0.281150,1.000000,-0.011361,-0.015355,0.000000
-0.151895,0.280844,1.000000,-0.011304,-0.015281,0.000000
-0.152120,0.280540,1.000000,-0.011248,-0.015208,0.000000
-0.152343,0.280237,1.000000,-0.011192,-0.015134,0.000000
-0.152566,0.279936,1.000000,-0.011136,-0.015061,0.000000
-0.152788,0.279636,1.000000,-0.011081,-0.014988,0.000000
-0.153008,0.279338,1.000000,-0.011026,-0.014916,0.000000
-0.153228,0.279041,1.000000,-0.010972,-0.014843,0.000000
-0.153446,0.278746,1.000000,-0.010917,-0.014771,0.000000
-0.153663,0.278452,1.000000,-0.010863,-0.014699,0.000000
-0.153880,0.278159,1.000000,-0.010809,-0.014627,0.000000
-0.154095,0.277868,1.000000,-0.010756,-0.014556,0.000000
-0.154309,0.277578,1.000000,-0.010702,-0.014484,0.000000
-0.154522,0.277290,1.000000,-0.010649,-0.014413,0.000000
-0.154734,0.277003,1.000000,-0.010597,-0.014342,0.000000
-0.154945,0.276718,1.000000,-0.010544,-0.014272,0.000000
-0.155154,0.276434,1.000000,-0.010492,-0.014201,0.000000
-0.155363,0.276151,1.000000,-0.010440,-0.014131,0.000000
-0.155571,0.275870,1.000000,-0.010388,-0.014061,0.000000
-0.155778,0.275590,1.000000,-0.010337,-0.013992,0.000000
-0.155983,0.275312,1.000000,-0.010286,-0.013922,0.000000
-0.156188,0.275035,1.000000,-0.010235,-0.013853,0.000000
-0.156392,0.274759,1.000000,-0.010184,-0.013784,0.000000
-0.156594,0.274485,1.000000,-0.010134,-0.013715,0.000000
-0.156796,0.274212,1.000000,-0.010084,-0.013647,0.000000
-0.156997,0.273940,1.000000,-0.010034,-0.013579,0.000000
-0.157196,0.273670,1.000000,-0.009984,-0.013511,0.000000
-0.157395,0.273401,1.000000,-0.009935,-0.013443,0.000000
-0.157593,0.273134,1.000000,-0.009886,-0.013375,0.000000
-0.157790,0.272867,1.000000,-0.009837,-0.013308,0.000000
-0.157985,0.272603,1.000000,-0.009788,-0.013241,0.000000
-0.158180,0.272339,1.000000,-0.009740,-0.013174,0.000000
-0.158374,0.272077,1.000000,-0.009692,-0.013107,0.000000
-0.158567,0.271816,1.000000,-0.009644,-0.013041,0.000000
-0.158759,0.271557,1.000000,-0.009596,-0.012975,0.000000
-0.158950,0.271298,1.000000,-0.009549,-0.012909,0.000000
-0.159140,0.271042,1.000000,-0.009501,-0.012843,0.000000
-0.159329,0.270786,1.000000,-0.009454,-0.012778,0.000000
-0.159517,0.270532,1.000000,-0.009408,-0.012712,0.000000
-0.159704,0.270279,1.000000,-0.009361,-0.012647,0.000000
-0.159891,0.270027,1.000000,-0.009315,-0.012583,0.000000
-0.160076,0.269777,1.000000,-0.009269,-0.012518,0.000000
-0.160260,0.269528,1.000000,-0.009223,-0.012454,0.000000
-0.160444,0.269280,1.000000,-0.009178,-0.012390,0.000000
-0.160627,0.269033,1.000000,-0.009132,-0.012326,0.000000
-0.160808,0.268788,1.000000,-0.009087,-0.012263,0.000000
-0.160989,0.268544,1.000000,-0.009042,-0.012199,0.000000
-0.161169,0.268301,1.000000,-0.008998,-0.012136,0.000000
-0.161348,0.268060,1.000000,-0.008953,-0.012074,0.000000
-0.161526,0.267820,1.000000,-0.008909,-0.012011,0.000000
-0.161704,0.267581,1.000000,-0.008865,-0.011949,0.000000
-0.161880,0.267343,1.000000,-0.008821,-0.011887,0.000000
-0.162056,0.267107,1.000000,-0.008778,-0.011825,0.000000
-0.162230,0.266871,1.000000,-0.008735,-0.011763,0.000000
-0.162404,0.266637,1.000000,-0.008692,-0.011702,0.000000
-0.162577,0.266404,1.000000,-0.008649,-0.011641,0.000000
-0.162749,0.266173,1.000000,-0.008606,-0.011580,0.000000
-0.162921,0.265942,1.000000,-0.008564,-0.011520,0.000000
-0.163091,0.265713,1.000000,-0.008522,-0.011459,0.000000
-0.163261,0.265485,1.000000,-0.008480,-0.011399,0.000000
-0.163429,0.265259,1.000000,-0.008438,-0.011339,0.000000
-0.163597,0.265033,1.000000,-0.008397,-0.011280,0.000000
-0.163764,0.264808,1.000000,-0.008355,-0.011221,0.000000
-0.163931,0.264585,1.000000,-0.008314,-0.011162,0.000000
-0.164096,0.264363,1.000000,-0.008274,-0.011103,0.000000
-0.164261,0.264142,1.000000,-0.008233,-0.011044,0.000000
-0.164425,0.263923,1.000000,-0.008193,-0.010986,0.000000
-0.164588,0.263704,1.000000,-0.008152,-0.010928,0.000000
-0.164750,0.263487,1.000000,-0.008113,-0.010870,0.000000
-0.164911,0.263270,1.000000,-0.008073,-0.010813,0.000000
-0.165072,0.263055,1.000000,-0.008033,-0.010755,0.000000
-0.165232,0.262841,1.000000,-0.007994,-0.010698,0.000000
-0.165391,0.262628,1.000000,-0.007955,-0.010642,0.000000
-0.165549,0.262417,1.000000,-0.007916,-0.010585,0.000000
-0.165707,0.262206,1.000000,-0.007878,-0.010529,0.000000
-0.165864,0.261997,1.000000,-0.007839,-0.010473,0.000000
-0.166020,0.261788,1.000000,-0.007801,-0.010417,0.000000
-0.166175,0.261581,1.000000,-0.007763,-0.010362,0.000000
-0.166330,0.261375,1.000000,-0.007725,-0.010306,0.000000
-0.166483,0.261170,1.000000,-0.007687,-0.010251,0.000000
-0.166636,0.260966,1.000000,-0.007650,-0.010197,0.000000
-0.166789,0.260763,1.000000,-0.007613,-0.010142,0.000000
-0.166940,0.260561,1.000000,-0.007576,-0.010088,0.000000
-0.167091,0.260361,1.000000,-0.007539,-0.010034,0.000000
-0.167241,0.260161,1.000000,-0.007503,-0.009980,0.000000
-0.167390,0.259963,1.000000,-0.007466,-0.009927,0.000000
-0.167539,0.259765,1.000000,-0.007430,-0.009873,0.000000
-0.167687,0.259569,1.000000,-0.007394,-0.009820,0.000000
-0.167834,0.259373,1.000000,-0.007359,-0.009768,0.000000
-0.167980,0.259179,1.000000,-0.007323,-0.009715,0.000000
-0.168126,0.258986,1.000000,-0.007288,-0.009663,0.000000
-0.168271,0.258794,1.000000,-0.007253,-0.009611,0.000000
-0.168416,0.258603,1.000000,-0.007218,-0.009559,0.000000
-0.168559,0.258412,1.000000,-0.007183,-0.009507,0.000000
-0.168702,0.258223,1.000000,-0.007148,-0.009456,0.000000
-0.168844,0.258035,1.000000,-0.007114,-0.009405,0.000000
-0.168986,0.257848,1.000000,-0.007080,-0.009354,0.000000
-0.169127,0.257662,1.000000,-0.007046,-0.009304,0.000000
-0.169267,0.257477,1.000000,-0.007012,-0.009254,0.000000
-0.169407,0.257293,1.000000,-0.006979,-0.009204,0.000000
-0.169546,0.257110,1.000000,-0.006945,-0.009154,0.000000
-0.169684,0.256928,1.000000,-0.006912,-0.009104,0.000000
-0.169822,0.256747,1.000000,-0.006879,-0.009055,0.000000
-0.169958,0.256566,1.000000,-0.006846,-0.009006,0.000000
-0.170095,0.256387,1.000000,-0.006814,-0.008957,0.000000
-0.170230,0.256209,1.000000,-0.006781,-0.008908,0.000000
-0.170365,0.256032,1.000000,-0.006749,-0.008860,0.000000
-0.170500,0.255856,1.000000,-0.006717,-0.008812,0.000000
-0.170633,0.255680,1.000000,-0.006685,-0.008764,0.000000
-0.170766,0.255506,1.000000,-0.006654,-0.008716,0.000000
-0.170899,0.255333,1.000000,-0.006622,-0.008669,0.000000
-0.171031,0.255160,1.000000,-0.006591,-0.008621,0.000000
-0.171162,0.254989,1.000000,-0.006560,-0.008574,0.000000
-0.171292,0.254818,1.000000,-0.006529,-0.008528,0.000000
-0.171422,0.254649,1.000000,-0.006498,-0.008481,0.000000
-0.171552,0.254480,1.000000,-0.006467,-0.008435,0.000000
-0.171681,0.254312,1.000000,-0.006437,-0.008389,0.000000
-0.171809,0.254145,1.000000,-0.006406,-0.008343,0.000000
-0.171936,0.253979,1.000000,-0.006376,-0.008297,0.000000
-0.172063,0.253814,1.000000,-0.006346,-0.008252,0.000000
-0.172189,0.253650,1.000000,-0.006317,-0.008206,0.000000
-0.172315,0.253487,1.000000,-0.006287,-0.008161,0.000000
-0.172440,0.253325,1.000000,-0.006258,-0.008117,0.000000
-0.172565,0.253163,1.000000,-0.006228,-0.008072,0.000000
-0.172689,0.253003,1.000000,-0.006199,-0.008028,0.000000
-0.172812,0.252843,1.000000,-0.006170,-0.007984,0.000000
-0.172935,0.252684,1.000000,-0.006142,-0.007940,0.000000
-0.173057,0.252526,1.000000,-0.006113,-0.007896,0.000000
-0.173179,0.252369,1.000000,-0.006084,-0.007853,0.000000
-0.173300,0.252213,1.000000,-0.006056,-0.007809,0.000000
-0.173421,0.252058,1.000000,-0.006028,-0.007766,0.000000
-0.173541,0.251903,1.000000,-0.006000,-0.007723,0.000000
-0.173660,0.251750,1.000000,-0.005972,-0.007681,0.000000
-0.173779,0.251597,1.000000,-0.005945,-0.007638,0.000000
-0.173897,0.251445,1.000000,-0.005917,-0.007596,0.000000
-0.174015,0.251294,1.000000,-0.005890,-0.007554,0.000000
-0.174132,0.251144,1.000000,-0.005863,-0.007512,0.000000
-0.174249,0.250994,1.000000,-0.005836,-0.007471,0.000000
-0.174365,0.250846,1.000000,-0.005809,-0.007429,0.000000
-0.174481,0.250698,1.000000,-0.005782,-0.007388,0.000000
-0.174596,0.250551,1.000000,-0.005755,-0.007347,0.000000
-0.174711,0.250405,1.000000,-0.005729,-0.007306,0.000000
-0.174825,0.250260,1.000000,-0.005703,-0.007265,0.000000
-0.174938,0.250115,1.000000,-0.005676,-0.007225,0.000000
-0.175051,0.249971,1.000000,-0.005650,-0.007185,0.000000
-0.175164,0.249828,1.000000,-0.005625,-0.007145,0.000000
-0.175276,0.249686,1.000000,-0.005599,-0.007105,0.000000
-0.175387,0.249545,1.000000,-0.005573,-0.007065,0.000000
-0.175498,0.249405,1.000000,-0.005548,-0.007026,0.000000
-0.175609,0.249265,1.000000,-0.005523,-0.006986,0.000000
-0.175719,0.249126,1.000000,-0.005497,-0.006947,0.000000
-0.175828,0.248988,1.000000,-0.005472,-0.006909,0.000000
-0.175937,0.248850,1.000000,-0.005448,-0.006870,0.000000
-0.176045,0.248714,1.000000,-0.005423,-0.006831,0.000000
-0.176153,0.248578,1.000000,-0.005398,-0.006793,0.000000
-0.176261,0.248443,1.000000,-0.005374,-0.006755,0.000000
-0.176368,0.248308,1.000000,-0.005349,-0.006717,0.000000
-0.176474,0.248175,1.000000,-0.005325,-0.006679,0.000000
-0.176580,0.248042,1.000000,-0.005301,-0.006641,0.000000
-0.176686,0.247910,1.000000,-0.005277,-0.006604,0.000000
-0.176791,0.247779,1.000000,-0.005253,-0.006567,0.000000
-0.176896,0.247648,1.000000,-0.005230,-0.006530,0.000000
-0.177000,0.247518,1.000000,-0.005206,-0.006493,0.000000
-0.177103,0.247389,1.000000,-0.005183,-0.006456,0.000000
-0.177207,0.247261,1.000000,-0.005160,-0.006420,0.000000
-0.177309,0.247133,1.000000,-0.005136,-0.006383,0.000000
-0.177412,0.247006,1.000000,-0.005113,-0.006347,0.000000
-0.177513,0.246880,1.000000,-0.005090,-0.006311,0.000000
-0.177615,0.246754,1.000000,-0.005068,-0.006275,0.000000
-0.177716,0.246629,1.000000,-0.005045,-0.006240,0.000000
-0.177816,0.246505,1.000000,-0.005022,-0.006204,0.000000
-0.177916,0.246382,1.000000,-0.005000,-0.006169,0.000000
-0.178016,0.246259,1.000000,-0.004978,-0.006134,0.000000
-0.178115,0.246137,1.000000,-0.004956,-0.006099,0.000000
-0.178213,0.246016,1.000000,-0.004934,-0.006064,0.000000
-0.178312,0.245896,1.000000,-0.004912,-0.006029,0.000000
-0.178409,0.245776,1.000000,-0.004890,-0.005995,0.000000
-0.178507,0.245656,1.000000,-0.004868,-0.005960,0.000000
-0.178604,0.245538,1.000000,-0.004846,-0.005926,0.000000
-0.178700,0.245420,1.000000,-0.004825,-0.005892,0.000000
-0.178796,0.245303,1.000000,-0.004804,-0.005858,0.000000
-0.178892,0.245186,1.000000,-0.004782,-0.005825,0.000000
-0.178987,0.245071,1.000000,-0.004761,-0.005791,0.000000
-0.179082,0.244955,1.000000,-0.004740,-0.005758,0.000000
-0.179176,0.244841,1.000000,-0.004719,-0.005725,0.000000
-0.179270,0.244727,1.000000,-0.004699,-0.005692,0.000000
-0.179364,0.244614,1.000000,-0.004678,-0.005659,0.000000
-0.179457,0.244501,1.000000,-0.004657,-0.005626,0.000000
-0.179550,0.244390,1.000000,-0.004637,-0.005594,0.000000
-0.179642,0.244278,1.000000,-0.004617,-0.005561,0.000000
-0.179734,0.244168,1.000000,-0.004597,-0.005529,0.000000
